  1772950968  -318990311   777121345 -1873387428
 -1137236852   490258867 -1368102641 -1590527908
   617683167 -1941488366   869095392   385592829
  1866190940 -1983389563  1642240517  2014936024
  2103730603 -1088276394   414013216 -1852720714
  -882370400  1788026838   -11882926  -783666722
  -894802520  -420468621   830501122  1190987827
  1536185163   406279231   478036266  1116291752
 -1836446812    51117440  -553456554  -638176649
  1214335686   162293302 -1470501760 -1212114254
 -1446742953  1176027854   908056038 -1171712827
   -20578260 -1562288573 -1321607788   478428499
  2068530394  -859059839  2075876366 -1532917179
  -728782536  -747840096  2123385935  1891295823
   809660567  1325020512  -467420029  1745461283
  1586367171  -232580896   507497853 -1061437533
  -962025564  -945606695  -967848375  -377952425
    -9841161   885760383  -806324041   -92412334
  -548385252   322769853   573025534  1384145482
  -628553177  -582131302  1396720562  1148088502
   768981584   934310954 -1673573620   887131474
     1243509   965111199  1524933424  -787689631
  1087916019  1849291849  -302888955  -557499297
  1569088225 -1789462734   730621465  1085197643
 -1482909366   568756214  1863964567  -203510480
  1098625413  1890425431  1436022300 -1890833363
 -1381077311 -1196193457  1256513958  1830742331
   857429324  1493441899   129466481 -1598763688
   450482172 -1882024451 -1119895526 -1884899672
   302258368 -1528844558  1259316796  -120663560
 -1822324105 -2065374945 -1076478949 -1209888982
   626146755  -116456754   868078972   893310214
  1701721203 -1157668476  1860054201   959272123
  -648589126  -567055169   879921690  -831363348
  2093548947  -414141056  -437779434 -1672101752
 -1568523888  1307443978 -1111810510 -1882746139
  1085678658 -1093678831  1177477060 -1655013504
  1457684642  1916914084
